(-0.490716,6.64882)
ROT: 1.00647
SMD: 0.00749556
SMQ: 0.0163807
AVR: 0.0100899
GOV: 0
INJ: 0
OTH: 0
