(-0.490716,6.64882)
ROT: 0.509148
SMD: 0.0046884
SMQ: 0.0115039
AVR: 0.00704434
GOV: 0
INJ: 0
OTH: 0
