(-0.490714,6.64881)
ROT: 1.00647
SMD: 0.0074956
SMQ: 0.0163805
AVR: 0.01009
GOV: 0
INJ: 0
OTH: 0
