(-19.3325,0)
ROT: 0.00231286
SMD: 0.991414
SMQ: 0.0135849
AVR: 0.00268554
GOV: 0
INJ: 0
OTH: 0
