(-19.3325,0)
ROT: 0.00231608
SMD: 0.991413
SMQ: 0.0137487
AVR: 0.00271271
GOV: 0
INJ: 0
OTH: 0
