2
0
1
4
5
32
33
3
0
1
4
5
32
33
6
0
1
4
5
42
43
7
0
1
4
5
42
43
10
8
9
12
13
42
43
11
8
9
12
13
42
43
14
8
9
12
13
16
17
42
43
15
8
9
12
13
16
17
42
43
18
12
13
16
17
32
33
19
12
13
16
17
32
33
22
20
21
24
25
46
47
23
20
21
24
25
46
47
26
20
21
24
25
28
29
38
39
46
47
27
20
21
24
25
28
29
38
39
46
47
30
24
25
28
29
38
39
31
24
25
28
29
38
39
34
32
33
37
0
1
16
17
39
35
32
33
36
0
1
16
17
38
37
51
33
39
36
50
32
38
40
24
25
38
39
28
29
46
47
33
37
41
24
25
38
39
28
29
46
47
32
36
44
42
43
4
5
8
9
12
13
47
45
42
43
4
5
8
9
12
13
46
48
20
21
46
47
24
25
38
39
43
49
20
21
46
47
24
25
38
39
42
52
37
51
53
36
50
65
66
101
101
102
58
99
97
99
63
64
97
98
98
100
61
62
94
96
60
62
94
96
58
59
83
86
83
88
55
68
76
77
80
67
75
78
79
84
57
67
75
78
79
58
78
85
94
58
80
84
96
56
68
76
77
80
68
76
77
80
82
68
76
77
80
85
54
67
75
78
79
67
75
78
79
81
73
81
83
81
82
83
82
83
89
67
87
73
86
87
88
89
68
87
77
62
78
80
91
62
78
80
90
71
78
80
84
85
76
75
60
91
92
61
90
93
70
92
93
70
102
103
103
104
74
104
74
95
79
95
69
100
58
69
72
71
72
116
117
152
152
153
109
150
148
150
114
115
148
149
149
151
112
113
145
147
111
113
145
147
109
110
134
137
134
139
106
119
127
128
131
118
126
129
130
135
108
118
126
129
130
109
129
136
145
109
131
135
147
107
119
127
128
131
119
127
128
131
133
119
127
128
131
136
105
118
126
129
130
118
126
129
130
132
124
132
134
132
133
134
133
134
140
118
138
124
137
138
139
140
119
138
128
113
129
131
142
113
129
131
141
122
129
131
135
136
127
126
111
142
143
112
141
144
121
143
144
121
153
154
154
155
125
155
125
146
130
146
120
151
109
120
123
122
123
167
168
203
203
204
160
201
199
201
165
166
199
200
200
202
163
164
196
198
162
164
196
198
160
161
185
188
185
190
157
170
178
179
182
169
177
180
181
186
159
169
177
180
181
160
180
187
196
160
182
186
198
158
170
178
179
182
170
178
179
182
184
170
178
179
182
187
156
169
177
180
181
169
177
180
181
183
175
183
185
183
184
185
184
191
169
189
191
175
188
189
191
170
175
189
179
164
180
182
193
164
180
182
192
173
180
182
186
187
178
177
162
193
194
163
192
195
172
194
195
172
204
205
205
206
176
206
176
197
181
197
171
202
160
171
174
173
174
218
219
254
254
255
211
252
250
252
216
217
250
251
251
253
214
215
247
249
213
215
247
249
211
212
236
239
236
241
208
221
229
230
233
220
228
231
232
237
210
220
228
231
232
211
231
238
247
211
233
237
249
209
221
229
230
233
221
229
230
233
235
221
229
230
233
238
207
220
228
231
232
220
228
231
232
234
226
234
236
234
235
236
235
242
220
240
242
226
239
240
242
221
226
240
215
231
233
244
215
231
233
243
224
231
233
237
238
229
228
213
245
214
246
223
245
246
223
255
256
256
257
227
257
227
248
232
248
222
253
211
222
225
224
225
269
270
305
305
306
262
303
301
303
267
268
301
302
302
304
265
266
298
300
264
266
298
300
262
263
290
292
259
272
280
281
284
271
279
282
283
288
261
271
279
282
283
262
282
289
298
262
284
288
300
260
272
280
281
284
272
280
281
284
286
272
280
281
284
289
258
271
279
282
283
271
279
282
283
285
277
285
287
285
287
286
293
271
291
293
277
290
291
293
272
277
291
266
282
284
295
266
282
284
294
275
282
284
288
289
280
279
264
295
296
265
294
297
274
296
297
274
306
307
307
308
278
308
278
299
283
299
273
304
262
273
276
275
276
309
319
320
321
322
323
310
311
312
313
314
315
316
317
318
309
324
309
325
309
326
309
327
309
328
333
334
336
337
338
333
334
335
337
338
329
331
333
334
335
330
332
333
334
336
343
344
346
347
348
343
344
345
347
348
339
341
343
344
345
340
342
343
344
346
353
354
356
357
358
353
354
355
357
358
349
351
353
354
355
350
352
353
354
356
363
364
366
367
368
363
364
365
367
368
359
361
363
364
365
360
362
363
364
366
373
374
376
377
378
373
374
375
377
378
369
371
373
374
375
370
372
373
374
376
383
384
386
387
388
383
384
385
387
388
379
381
383
384
385
380
382
383
384
386
393
394
396
397
398
393
394
395
397
398
389
391
393
394
395
390
392
393
394
396
403
404
406
407
408
403
404
405
407
408
399
401
403
404
405
400
402
403
404
406
413
414
416
417
418
413
414
415
417
418
409
411
413
414
415
410
412
413
414
416
423
424
426
427
428
423
424
425
427
428
419
421
423
424
425
420
422
423
424
426
433
434
436
437
438
433
434
435
437
438
429
431
433
434
435
430
432
433
434
436
319
58
324
59
60
21
61
20
320
109
325
110
111
25
111
383
112
24
112
384
321
160
326
161
162
29
162
393
163
28
163
394
322
211
327
212
213
43
213
423
214
42
214
424
323
262
328
263
264
51
265
50
333
1
334
0
343
5
344
4
353
9
354
8
363
13
364
12
373
17
374
16
403
39
404
38
413
47
414
46
433
33
434
32
90
23
91
22
141
27
387
142
26
388
192
31
397
193
30
398
243
45
427
244
44
428
294
53
295
52
337
3
338
2
347
7
348
6
357
11
358
10
367
15
368
14
377
19
378
18
407
41
408
40
417
49
418
48
437
35
438
34
63
64
65
66
114
115
116
117
165
166
167
168
216
217
218
219
267
268
269
270
329
330
331
332
339
340
341
342
349
350
351
352
359
360
361
362
369
370
371
372
379
380
381
382
389
390
391
392
399
400
401
402
409
410
411
412
419
420
421
422
429
430
431
432
