36;62;1
55;56;-0.003183098861837907
59;55;-0.003183098861837907
60;54;-0.003183098861837907
68;57;-0.003183098861837907
71;58;10.8
80;113;1
99;107;-0.003183098861837907
103;106;-0.003183098861837907
104;105;-0.003183098861837907
112;108;-0.003183098861837907
115;109;12.6
124;164;1
143;158;-0.003183098861837907
147;157;-0.003183098861837907
148;156;-0.003183098861837907
156;159;-0.003183098861837907
159;160;11.25
168;215;1
187;209;-0.003183098861837907
191;208;-0.003183098861837907
192;207;-0.003183098861837907
200;210;-0.003183098861837907
203;211;9.950000000000001
212;266;1
231;260;-0.003183098861837907
235;259;-0.003183098861837907
236;258;-0.003183098861837907
244;261;-0.003183098861837907
247;262;5.496
