0;2;-1
0;0;5.782928326882496
0;1;14.76832773562174
0;4;-1.880885526555696
0;5;-4.40294482216676
0;32;-3.902042800326801
0;33;-10.36538291345498
1;3;-1
1;0;-14.76832773562174
1;1;5.782928326882496
1;4;4.40294482216676
1;5;-1.880885526555696
1;32;10.36538291345498
1;33;-3.902042800326801
2;6;-1
2;0;-1.880885526555696
2;1;-4.40294482216676
2;4;3.835916032576169
2;5;8.497019513801902
2;42;-1.955030506020472
2;43;-4.094074691635142
3;7;-1
3;0;4.40294482216676
3;1;-1.880885526555696
3;4;-8.497019513801902
3;5;3.835916032576169
3;42;4.094074691635142
3;43;-1.955030506020472
4;10;-1
4;8;4.01499341343334
4;9;5.427935821450404
4;12;-2.489027393625206
4;13;-2.251974630183563
4;42;-1.525966019808134
4;43;-3.175961191266841
5;11;-1
5;8;-5.427935821450404
5;9;4.01499341343334
5;12;2.251974630183563
5;13;-2.489027393625206
5;42;3.175961191266841
5;43;-1.525966019808134
6;14;-1
6;8;-2.489027393625206
6;9;-2.251974630183563
6;12;6.724952418034346
6;13;10.66969834303092
6;16;-1.136994757465282
6;17;-2.314964344356267
6;42;-3.098930266943857
6;43;-6.102759368491092
7;15;-1
7;8;2.251974630183563
7;9;-2.489027393625206
7;12;-10.66969834303092
7;13;6.724952418034346
7;16;2.314964344356267
7;17;-1.136994757465282
7;42;6.102759368491092
7;43;-3.098930266943857
8;18;-1
8;12;-1.136994757465282
8;13;-2.314964344356267
8;16;2.560997692800895
8;17;5.344014856772329
8;32;-1.424002935335613
8;33;-3.029050512416062
9;19;-1
9;12;2.314964344356267
9;13;-1.136994757465282
9;16;-5.344014856772329
9;17;2.560997692800895
9;32;3.029050512416062
9;33;-1.424002935335613
10;22;-1
10;20;6.025048670255675
10;21;19.44709754488024
10;24;-4.999144334073775
10;25;-15.26310204450997
10;46;-1.0259043361819
10;47;-4.234995570420265
11;23;-1
11;20;-19.44709754488024
11;21;6.025048670255675
11;24;15.26310204450997
11;25;-4.999144334073775
11;46;4.234995570420265
11;47;-1.0259043361819
12;26;-1
12;20;-4.999144334073775
12;21;-15.26310204450997
12;24;9.521333711093533
12;25;30.27212737922066
12;28;-1.135017812334386
12;29;-4.781864811431261
12;38;-1.686032832400663
12;39;-5.115834923072414
12;46;-1.701138732284709
12;47;-5.193925593702013
13;27;-1
13;20;15.26310204450997
13;21;-4.999144334073775
13;24;-30.27212737922066
13;25;9.521333711093533
13;28;4.781864811431261
13;29;-1.135017812334386
13;38;5.115834923072414
13;39;-1.686032832400663
13;46;5.193925593702013
13;47;-1.701138732284709
14;30;-1
14;24;-1.135017812334386
14;25;-4.781864811431261
14;28;3.120994584936384
14;29;9.822379360301909
14;38;-1.985976772601999
14;39;-5.068814551800648
15;31;-1
15;24;4.781864811431261
15;25;-1.135017812334386
15;28;-9.822379360301909
15;29;3.120994584936384
15;38;5.068814551800648
15;39;-1.985976772601999
16;34;-1
16;32;5.326045735662413
16;33;24.09249889633189
16;37;-9.090084628859731
16;0;-3.902042800326801
16;1;-10.36538291345498
16;16;-1.424002935335613
16;17;-3.029050512416062
16;39;-1.855501391565861
17;35;-1
17;32;-24.09249889633189
17;33;5.326045735662413
17;36;9.090084628859731
17;0;10.36538291345498
17;1;-3.902042800326801
17;16;3.029050512416062
17;17;-1.424002935335613
17;38;1.855501391565861
18;37;19.54901016955455
18;51;-5.676980862099804
18;33;-9.090084628859731
18;39;-4.889513567751073
19;36;-19.54901016955455
19;50;5.676980862099804
19;32;9.090084628859731
19;38;4.889513567751073
20;40;-1
20;24;-1.686032832400663
20;25;-5.115834923072414
20;38;10.51296788459104
20;39;38.65414527271216
20;28;-1.985976772601999
20;29;-5.068814551800648
20;46;-6.840958279588381
20;47;-21.57853157038476
20;33;-1.855501391565861
20;37;-4.889513567751073
21;41;-1
21;24;5.115834923072414
21;25;-1.686032832400663
21;38;-38.65414527271216
21;39;10.51296788459104
21;28;5.068814551800648
21;29;-1.985976772601999
21;46;21.57853157038476
21;47;-6.840958279588381
21;32;1.855501391565861
21;36;4.889513567751073
22;44;-1
22;42;6.579926792772463
22;43;17.34072477976452
22;4;-1.955030506020472
22;5;-4.094074691635142
22;8;-1.525966019808134
22;9;-3.175961191266841
22;12;-3.098930266943857
22;13;-6.102759368491092
22;47;-4.257435221862767
23;45;-1
23;42;-17.34072477976452
23;43;6.579926792772463
23;4;4.094074691635142
23;5;-1.955030506020472
23;8;3.175961191266841
23;9;-1.525966019808134
23;12;6.102759368491092
23;13;-3.098930266943857
23;46;4.257435221862767
24;48;-1
24;20;-1.0259043361819
24;21;-4.234995570420265
24;46;9.56800134805499
24;47;35.53361630547623
24;24;-1.701138732284709
24;25;-5.193925593702013
24;38;-6.840958279588381
24;39;-21.57853157038476
24;43;-4.257435221862767
25;49;-1
25;20;4.234995570420265
25;21;-1.0259043361819
25;46;-35.53361630547623
25;47;9.56800134805499
25;24;5.193925593702013
25;25;-1.701138732284709
25;38;21.57853157038476
25;39;-6.840958279588381
25;42;4.257435221862767
26;52;-1
26;37;-5.676980862099804
26;51;5.676980862099804
27;53;-1
27;36;5.676980862099804
27;50;-5.676980862099804
28;65;-1
28;66;-1
28;101;1
29;101;-1
29;102;1
30;58;1
30;99;1
31;97;1
31;99;-5
32;63;-1
32;64;-1
32;97;-1
32;98;1
33;98;-1
33;100;1
34;61;1
34;62;-4.021504219980931e-05
34;94;-0.3046772744635325
34;96;-0.9524556464347688
35;60;1
35;62;-1.06001224045253
35;94;0.9524556464347688
35;96;-0.3046772744635325
36;58;-314.1592653589793
36;59;314.1592653589793
37;83;2.446264512578061
37;86;1
38;83;2.446264512578061
38;88;1
39;55;1
39;68;0.1763781998231054
39;76;-1.740937846382667
39;77;-1.529970139759788
39;80;-1.529970139759788
40;67;-0.6686562597112593
40;75;-1.529970139759788
40;78;-1.831970139759788
40;79;-1.529970139759788
40;84;1
41;57;1
41;67;-0.6686562597112593
41;75;-1.529970139759788
41;78;-1.529970139759788
41;79;-1.7300115340953
42;58;-0.3231196582505674
42;78;-0.002796
42;85;0.9999999406328669
42;94;1
43;58;-1.010095605094786
43;80;-0.002796
43;84;-0.9999999406328669
43;96;1
44;56;1
44;68;0.1763781998231054
44;76;-1.529970139759788
44;77;-1.617451055790322
44;80;-1.529970139759788
45;68;0.1763781998231054
45;76;-1.529970139759788
45;77;-1.529970139759788
45;80;-1.529970139759788
45;82;1
46;68;0.1763781998231054
46;76;-1.529970139759788
46;77;-1.529970139759788
46;80;-1.831970139759788
46;85;1
47;54;1
47;67;-0.6686562597112593
47;75;-1.624003473093121
47;78;-1.529970139759788
47;79;-1.529970139759788
48;67;-0.6686562597112593
48;75;-1.529970139759788
48;78;-1.529970139759788
48;79;-1.529970139759788
48;81;1
49;73;1
49;81;-1.827809294708994
49;83;1.767356897226682
50;81;-0.9669263102790296
50;82;0.255055896795549
50;83;1
51;82;0.4821396769095165
51;83;0.1229725676748729
51;89;1
52;67;1
52;87;-1
53;73;-1.529970139759788
53;86;-0.9349464895098183
53;87;1
53;88;-0.06505351049018172
53;89;-1.529970139759788
54;68;1
54;87;-1
55;77;-0.01055276531976633
56;62;-0.156996775065311
56;78;-3.689641793753379
56;80;-11.53423787832505
56;91;1
57;62;2.192342687236985
57;78;11.53423787832505
57;80;-3.689641793753379
57;90;1
58;71;1
58;78;0.3231196582505674
58;80;1.010095605094786
58;84;-0.1763784080020895
58;85;0.04280962260564961
59;76;-0.004513374408412682
60;75;-0.01098301736453322
61;60;-1
61;91;0.008257638315441783
61;92;1
62;61;-1
62;90;-0.008257638315441783
62;93;1
63;70;1
63;92;-0.01705909093283573
63;93;-0.9998544831206916
64;70;1
64;102;-1
64;103;1
65;103;-20
65;104;1
66;74;1
66;104;-1
67;74;-0.0004322504084085051
67;95;1
68;79;-0.0008722813241683634
68;95;1
69;69;1
69;100;-1
70;58;0.2133044832019312
70;69;-1.000000059367137
70;72;1
71;71;1
71;72;-0.9000825763831544
72;116;-1
72;117;-1
72;152;1
73;152;-1
73;153;1
74;109;1
74;150;1
75;148;1
75;150;-5
76;114;-1
76;115;-1
76;148;-1
76;149;1
77;149;-1
77;151;1
78;112;1
78;113;-0.09081105387340227
78;145;0.01417622745671969
78;147;-0.9998995122386526
79;111;1
79;113;-1.041102533282124
79;145;0.9998995122386526
79;147;0.01417622745671969
80;109;-314.1592653589793
80;110;314.1592653589793
81;134;1.141613003373912
81;137;1
82;134;1.141613003373912
82;139;1
83;106;1
83;119;0.03137066269921949
83;127;-2.37063169806587
83;128;-2.109532926799329
83;131;-2.109532926799329
84;118;-0.5001369335332885
84;126;-2.109532926799329
84;129;-2.428532926799329
84;130;-2.109532926799329
84;135;1
85;108;1
85;118;-0.5001369335332885
85;126;-2.109532926799329
85;129;-2.109532926799329
85;130;-2.313873194945423
86;109;-0.07618468522305721
86;129;-0.00357
86;136;0.9999999400006637
86;145;1
87;109;-1.042397329160249
87;131;-0.00357
87;135;-0.9999999400006637
87;147;1
88;107;1
88;119;0.03137066269921949
88;127;-2.109532926799329
88;128;-2.23548063921763
88;131;-2.109532926799329
89;119;0.03137066269921949
89;127;-2.109532926799329
89;128;-2.109532926799329
89;131;-2.109532926799329
89;133;1
90;119;0.03137066269921949
90;127;-2.109532926799329
90;128;-2.109532926799329
90;131;-2.428532926799329
90;136;1
91;105;1
91;118;-0.5001369335332885
91;126;-2.251850683808675
91;129;-2.109532926799329
91;130;-2.109532926799329
92;118;-0.5001369335332885
92;126;-2.109532926799329
92;129;-2.109532926799329
92;130;-2.109532926799329
92;132;1
93;124;1
93;132;-1.88820637549751
93;134;1.884502897133968
94;132;-0.9980386262796263
94;133;0.06260112182602212
94;134;1
95;133;0.1184361348676634
95;134;0.007414234907453787
95;140;1
96;118;1
96;138;-1
97;124;-2.109532926799329
97;137;-0.9960810995461237
97;138;1
97;139;-0.003918900453876465
97;140;-2.109532926799329
98;119;1
98;138;-1
99;128;-0.01914887087636149
100;113;0.4493549880583676
100;129;0.1587737475152605
100;131;-11.19887453707291
100;142;1
101;113;0.3450158606423078
101;129;11.19887453707291
101;131;0.1587737475152605
101;141;1
102;122;1
102;129;0.07618468522305721
102;131;1.042397329160249
102;135;-0.03137065618664013
102;136;0.0396802508986541
103;127;-0.008240404980997743
104;126;-0.01812817373071205
105;111;-1
105;142;0.00892857142857143
105;143;1
106;112;-1
106;141;-0.00892857142857143
106;144;1
107;121;1
107;143;0.08364927588375001
107;144;-0.9964952577128123
108;121;1
108;153;-1
108;154;1
109;154;-20
109;155;1
110;125;1
110;155;-1
111;125;-0.0003584874210827466
111;146;1
112;130;-0.0008428039269655374
112;146;1
113;120;1
113;151;-1
114;109;0.03969297075414871
114;120;-1.00000005999934
114;123;1
115;122;1
115;123;-0.9
116;167;-1
116;168;-1
116;203;1
117;203;-1
117;204;1
118;160;1
118;201;1
119;199;1
119;201;-5
120;165;-1
120;166;-1
120;199;-1
120;200;1
121;200;-1
121;202;1
122;163;1
122;164;-0.2224939965288443
122;196;0.2203329432309816
122;198;-0.9754247249927455
123;162;1
123;164;-0.9851957198619996
123;196;0.9754247249927455
123;198;0.2203329432309816
124;160;-314.1592653589793
124;161;314.1592653589793
125;185;1.202681120690642
125;188;1
126;185;1.113209933168629
126;190;1
127;157;1
127;170;9.768960453260771e-07
127;178;-2.628859310759157
127;179;-2.224906859050391
127;182;-2.224906859050391
128;169;-0.4204518191410252
128;177;-2.414906859050391
128;180;-2.770906859050391
128;181;-2.414906859050391
128;186;1
129;159;1
129;169;-0.4204518191410252
129;177;-2.414906859050391
129;180;-2.414906859050391
129;181;-2.695724764308975
130;160;-2.516229387695049e-06
130;180;-0.00316
130;187;0.9999999399787683
130;196;1
131;160;-1.010007084880895
131;182;-0.00316
131;186;-0.9999999399787683
131;198;1
132;158;1
132;170;9.768960453260771e-07
132;178;-2.224906859050391
132;179;-2.411268466193248
132;182;-2.224906859050391
133;170;9.768960453260771e-07
133;178;-2.224906859050391
133;179;-2.224906859050391
133;182;-2.224906859050391
133;184;1
134;170;9.768960453260771e-07
134;178;-2.224906859050391
134;179;-2.224906859050391
134;182;-2.580906859050391
134;187;1
135;156;1
135;169;-0.4204518191410252
135;177;-2.574868149372972
135;180;-2.414906859050391
135;181;-2.414906859050391
136;169;-0.4204518191410252
136;177;-2.414906859050391
136;180;-2.414906859050391
136;181;-2.414906859050391
136;183;1
137;175;1
137;183;-1.969760275802944
137;185;1.969760275798431
138;183;-0.9999999999977087
138;184;2.140639650557079e-06
138;185;1
139;184;4.216546948485691e-06
139;191;1
140;169;1
140;189;-1
140;191;-0.1900000000000004
141;175;-2.414906859050343
141;188;-0.999999999995418
141;189;1
141;191;-2.235254430225141
142;170;1
142;175;0.1900000000000004
142;189;-1
143;179;-0.01799336730766797
144;164;0.2416425121316886
144;180;3.635493563311197
144;182;-16.0945079623803
144;193;1
145;164;-0.05456691812307883
145;180;16.0945079623803
145;182;3.635493563311197
145;192;1
146;173;1
146;180;2.516229387695049e-06
146;182;1.010007084880895
146;186;-9.627153816553137e-07
146;187;0.01501375579489154
147;178;-0.007221857621848867
148;177;-0.02022302481859876
149;162;-1
149;193;0.006060606060606061
149;194;1
150;163;-1
150;192;-0.006060606060606061
150;195;1
151;172;1
151;194;0.2202895256317473
151;195;-0.9754345313228048
152;172;1
152;204;-1
152;205;1
153;205;-20
153;206;1
154;176;1
154;206;-1
155;176;-0.0003518661057302613
155;197;1
156;181;-0.0008986660340350876
156;197;1
157;171;1
157;202;-1
158;160;1.09469539306781e-06
158;171;-1.000000060021235
158;174;1
159;173;1
159;174;-0.9
160;218;-1
160;219;-1
160;254;1
161;254;-1
161;255;1
162;211;1
162;252;1
163;250;1
163;252;-5
164;216;-1
164;217;-1
164;250;-1
164;251;1
165;251;-1
165;253;1
166;214;1
166;215;-0.262949326889339
166;247;0.2462142756785245
166;249;-0.9692154200445325
167;213;1
167;215;-1.037427694778583
167;247;0.9692154200445325
167;249;0.2462142756785245
168;211;-314.1592653589793
168;212;314.1592653589793
169;236;0.5514511945435823
169;239;1
170;236;0.2961497155882202
170;241;1
171;208;1
171;221;7.936650299973961e-05
171;229;-0.3525674357286059
171;230;-0.2161514357286059
171;233;-0.2161514357286059
172;220;-2.103139949651169
172;228;-0.5161514357286058
172;231;-0.6181514357286058
172;232;-0.5161514357286058
172;237;1
173;210;1
173;220;-2.103139949651169
173;228;-0.5161514357286058
173;231;-0.5161514357286058
173;232;-0.6679685785857487
174;211;-2.52505759104985e-05
174;231;-0.004
174;238;0.999999940040308
174;247;1
175;211;-1.070233178658087
175;233;-0.004
175;237;-0.999999940040308
175;249;1
176;209;1
176;221;7.936650299973961e-05
176;229;-0.2161514357286059
176;230;-100000.2161514357
176;233;-0.2161514357286059
177;221;7.936650299973961e-05
177;229;-0.2161514357286059
177;230;-0.2161514357286059
177;233;-0.2161514357286059
177;235;1
178;221;7.93665029997396e-05
178;229;-0.2161514357286059
178;230;-0.2161514357286059
178;233;-0.3181514357286059
178;238;1
179;207;1
179;220;-2.103139949651169
179;228;-0.6062359427708595
179;231;-0.5161514357286058
179;232;-0.5161514357286058
180;220;-2.103139949651169
180;228;-0.5161514357286058
180;231;-0.5161514357286058
180;232;-0.5161514357286058
180;234;1
181;226;1
181;234;-1.842403215211392
181;236;1.842403214981324
182;234;-0.9999999998751267
182;235;1.580338268741028e-05
182;236;1
183;235;2.911620307813658e-05
183;242;1
184;220;1
184;240;-1
184;242;-0.3
185;226;-0.5161514357133611
185;239;-0.9999999997502529
185;240;1
185;242;-0.2771924376979161
186;221;1
186;226;0.3
186;240;-1
188;215;0.1163634894753955
188;231;0.1969714205428196
188;233;-0.7753723360356261
188;244;1
189;215;-0.029494845430807
189;231;0.7753723360356261
189;233;0.1969714205428196
189;243;1
190;224;1
190;231;2.52505759104985e-05
190;233;1.070233178658087
190;237;-7.936659155242102e-05
190;238;0.1500541754171739
191;229;-0.03854860045640179
192;228;-0.01695672629603723
193;213;-1
193;245;1
194;214;-1
194;246;1
195;223;1
195;245;0.2456935441288517
195;246;-0.9693475549942879
196;223;1
196;255;-1
196;256;1
197;256;-20
197;257;1
198;227;1
198;257;-1
199;227;-0.001309617817441882
199;248;1
200;232;-0.0008486323457023394
200;248;1
201;222;1
201;253;-1
202;211;9.537146580193015e-05
202;222;-1.000000059959696
202;225;1
203;224;1
203;225;-0.93
204;269;-1
204;270;-1
204;305;1
205;305;-1
205;306;1
206;262;1
206;303;1
207;301;1
207;303;-5
208;267;-1
208;268;-1
208;301;-1
208;302;1
209;302;-1
209;304;1
210;265;1
210;266;-0.2518514737793468
210;298;0.231306831766383
210;300;-0.9728808506585985
211;264;1
211;266;-1.060404437157989
211;298;0.9728808506585985
211;300;0.231306831766383
212;262;-314.1592653589793
212;263;314.1592653589793
213;290;1
214;292;1
215;259;1
215;272;2.491162408113504e-07
215;280;-1.888780487804878
215;281;-0.88
215;284;-0.88
216;271;-0.7770602161069113
216;279;-1.42
216;282;-1.63
216;283;-1.42
216;288;1
217;261;1
217;271;-0.7770602161069113
217;279;-1.42
217;282;-1.42
217;283;-1.652786885245902
218;262;-2.720277708561587e-07
218;282;-0.004
218;289;0.9999999400669544
218;298;1
219;262;-1.089902203666989
219;284;-0.004
219;288;-0.9999999400669544
219;300;1
220;260;1
220;272;2.491162408113504e-07
220;280;-0.88
220;281;-100000.88
220;284;-0.88
221;272;2.491162408113504e-07
221;280;-0.88
221;281;-0.88
221;284;-0.88
221;286;1
222;272;2.491162408113504e-07
222;280;-0.88
222;281;-0.88
222;284;-1.09
222;289;1
223;258;1
223;271;-0.7770602161069113
223;279;-2.362857142857143
223;282;-1.42
223;283;-1.42
224;271;-0.7770602161069113
224;279;-1.42
224;282;-1.42
224;283;-1.42
224;285;1
225;277;1
225;285;-1.812537400616989
225;287;1.812537400616954
226;285;-0.9999999999999802
226;287;1
227;286;3.601046021398883e-07
227;293;1
228;271;1
228;291;-1
228;293;-0.5399999999999999
229;277;-1.42
229;290;-0.9999999999999607
229;291;1
229;293;-0.88
230;272;1
230;277;0.5399999999999999
230;291;-1
232;266;0.1566258921415749
232;282;0.5782670794159575
232;284;-2.432202126646496
232;295;1
233;266;-0.03723786959386859
233;282;2.432202126646496
233;284;0.5782670794159575
233;294;1
234;275;1
234;282;2.720277708561587e-07
234;284;1.089902203666989
234;288;-2.514546616293828e-07
234;289;0.06439668192773788
235;280;-0.01073602682320242
236;279;-0.0378940340694989
237;264;-1
237;295;0.04000000000000001
237;296;1
238;265;-1
238;294;-0.04000000000000001
238;297;1
239;274;1
239;296;0.231078465042128
239;297;-0.9729351175663123
240;274;1
240;306;-1
240;307;1
241;307;-20
241;308;1
242;278;1
242;308;-1
243;278;-0.0004410617080220363
243;299;1
244;283;-0.0006263076253912915
244;299;1
245;273;1
245;304;-1
246;262;2.996652639695217e-07
246;273;-1.000000059933049
246;276;1
247;275;1
247;276;-0.912
248;309;-1
248;319;0.2809093017861285
248;320;0.259800510322431
248;321;0.3827418232428671
248;322;0.01855717930874507
248;323;0.05799118533982835
249;310;-1
250;311;-1
251;312;-1
252;313;-1
253;314;-1
254;315;-1
255;316;-1
256;317;-1
257;318;-1
258;309;1
258;324;-1
259;309;1
259;325;-1
260;309;1
260;326;-1
261;309;1
261;327;-1
262;309;1
262;328;-1
263;333;0.06830665459904119
263;334;0.07559474039737017
263;336;-1
263;337;-1.014814109660396
263;338;-0.2737641141443464
264;333;-0.07559474039737017
264;334;0.06830665459904119
264;335;-1
264;337;-0.2737641141443464
264;338;1.014814109660396
265;329;-1.000152044551823
265;331;-0.09001368400966403
265;333;0.03345760300920196
265;334;-0.1240237337726883
265;335;1
266;330;-1.000253420429235
266;332;-0.05801469838489563
266;333;0.03593958645687759
266;334;-0.1332241793114222
266;336;1
267;343;0.0276716868695477
267;344;0.02492550757956448
267;346;-1
267;347;-1.022045466242582
267;348;-0.2698714277760815
268;343;-0.02492550757956448
268;344;0.0276716868695477
268;345;-1
268;347;-0.2698714277760815
268;348;1.022045466242582
269;339;-1.000240126481321
269;341;-0.03500840442684625
269;343;0.01268261743693788
269;344;-0.04803106337832295
269;345;1
270;340;-1.000400242835085
270;342;-0.01800720437103153
270;343;0.01087255512333566
270;344;-0.04117607322068142
270;346;1
271;353;0.05188004527359067
271;354;0.02968476663035981
271;356;-1
271;357;-1.019081580178385
271;358;-0.2745316476427122
272;353;-0.02968476663035981
272;354;0.05188004527359067
272;355;-1
272;357;-0.2745316476427122
272;358;1.019081580178385
273;349;-1.00031813786982
273;351;-0.06101940641005899
273;353;0.02255835576270694
273;354;-0.08373826855402926
273;355;1
274;350;-1.00053028600977
274;352;-0.01600848457615632
274;353;0.009863667739405439
274;354;-0.03661465697138796
274;356;1
275;363;0.1096247663666732
275;364;0.08692341398111107
275;366;-1
275;367;-1.014051402207913
275;368;-0.2747005006355128
276;363;-0.08692341398111107
276;364;0.1096247663666732
276;365;-1
276;367;-0.2747005006355128
276;368;1.014051402207913
277;359;-1.00031891398814
277;361;-0.1350430533883989
277;363;0.05041364131546971
277;364;-0.1861009482985626
277;365;1
278;360;-1.000531579814971
278;362;-0.05803083162926834
278;363;0.03610633124758804
278;364;-0.1332857994269949
278;366;1
279;373;0.1247717239547519
279;374;0.08596612923624616
279;376;-1
279;377;-0.9954239528884222
279;378;-0.2860408528711155
280;373;-0.08596612923624616
280;374;0.1247717239547519
280;375;-1
280;377;-0.2860408528711155
280;378;0.9954239528884222
281;369;-0.9985945476007151
281;371;-0.1487905875925065
281;373;0.0595142921671403
281;374;-0.2071101081112513
281;375;1
282;370;-0.9976586768928897
282;372;-0.04988293384464448
282;373;0.03325420363187248
282;374;-0.1157248361453816
282;376;1
283;383;0.1962944402418272
283;384;0.1391030818055871
283;386;-1
283;387;-1.041102533282124
283;388;-0.09081105387340227
284;383;-0.1391030818055871
284;384;0.1962944402418272
284;385;-1
284;387;-0.09081105387340227
284;388;1.041102533282124
285;379;-0.9999757440588304
285;381;-0.2169947364607662
285;383;0.02706452506911851
285;384;-0.3102810110630111
285;385;1
286;380;-0.9999595737582464
286;382;-0.1269948658672973
286;383;0.02639891783378386
286;384;-0.3026501627321035
286;386;1
287;393;0.8683238266751464
287;394;0.3889583899901959
287;396;-1
287;397;-0.9851957198619996
287;398;-0.2224939965288443
288;393;-0.3889583899901959
288;394;0.8683238266751464
288;395;-1
288;397;-0.2224939965288443
288;398;0.9851957198619996
289;389;-1.000010429051901
289;391;-0.9420098241668904
289;393;0.3081883385881567
289;394;-1.364647302063588
289;395;1
290;390;-1.000017381813593
290;392;-0.1900033025445826
290;393;0.103602603418114
290;394;-0.4587487439952286
290;396;1
291;403;0.4689842768267641
291;404;0.04639743546103559
291;406;-1
291;407;-1.001279468020926
291;408;-0.1822281484900927
292;403;-0.04639743546103559
292;404;0.4689842768267641
292;405;-1
292;407;-0.1822281484900927
292;408;1.001279468020926
293;399;-1.00008210453982
293;401;-0.4780392459700339
293;403;0.1261560035938491
293;404;-0.6931827887883236
293;405;1
294;400;-1.000136844644752
294;402;0.03900533694114535
294;403;-0.01715604408637084
294;404;0.09426641733715949
294;406;1
295;413;0.07128040306682448
295;414;0.02688582627368331
295;416;-1
295;417;-1.007645776485419
295;418;-0.1555635707705141
296;413;-0.02688582627368331
296;414;0.07128040306682448
296;415;-1
296;417;-0.1555635707705141
296;418;1.007645776485419
297;409;-1.000103318877814
297;411;-0.07600785223471387
297;413;0.01706130416626133
297;414;-0.1105127055088458
297;415;1
298;410;-1.000172204060061
298;412;-0.01600275526496098
298;413;0.005986834847681773
298;414;-0.0387790587404394
298;416;1
299;423;0.08421876873051692
299;424;0.09363091105986102
299;426;-1
299;427;-1.037427694778583
299;428;-0.262949326889339
300;423;-0.09363091105986102
300;424;0.08421876873051692
300;425;-1
300;427;-0.262949326889339
300;428;1.037427694778583
301;419;-0.9999202512537212
301;421;-0.1119910681404168
301;423;0.03856471024063365
301;424;-0.1521513628425517
301;425;1
302;420;-0.9998670889561569
302;422;-0.07499003167171177
302;423;0.04303868291129392
302;424;-0.1698027605819298
302;426;1
303;433;0.2294132920763551
303;434;0.2239291123870568
303;436;-1
303;437;-1.02032511193571
303;438;-0.2722145475957773
304;433;-0.2239291123870568
304;434;0.2294132920763551
304;435;-1
304;437;-0.2722145475957773
304;438;1.02032511193571
305;429;-1.000111542167164
305;431;-0.2950329049393134
305;433;0.1080274856116299
305;434;-0.4049128061755702
305;435;1
306;430;-1.000185910523885
306;432;-0.166030861146965
306;433;0.1013214467683957
306;434;-0.3797769716149257
306;436;1
307;319;1
307;58;-1
308;324;1
308;59;-1
309;60;1
309;21;-1
310;61;1
310;20;-1
311;320;1
311;109;-1
312;325;1
312;110;-1
313;111;1
313;25;-1
314;111;1
314;383;-1
315;112;1
315;24;-1
316;112;1
316;384;-1
317;321;1
317;160;-1
318;326;1
318;161;-1
319;162;1
319;29;-1
320;162;1
320;393;-1
321;163;1
321;28;-1
322;163;1
322;394;-1
323;322;1
323;211;-1
324;327;1
324;212;-1
325;213;1
325;43;-1
326;213;1
326;423;-1
327;214;1
327;42;-1
328;214;1
328;424;-1
329;323;1
329;262;-1
330;328;1
330;263;-1
331;264;1
331;51;-1
332;265;1
332;50;-1
333;333;1
333;1;-1
334;334;1
334;0;-1
335;343;1
335;5;-1
336;344;1
336;4;-1
337;353;1
337;9;-1
338;354;1
338;8;-1
339;363;1
339;13;-1
340;364;1
340;12;-1
341;373;1
341;17;-1
342;374;1
342;16;-1
343;403;1
343;39;-1
344;404;1
344;38;-1
345;413;1
345;47;-1
346;414;1
346;46;-1
347;433;1
347;33;-1
348;434;1
348;32;-1
349;90;1
349;23;1
350;91;1
350;22;1
351;141;1
351;27;1
351;387;1
352;142;1
352;26;1
352;388;1
353;192;1
353;31;1
353;397;1
354;193;1
354;30;1
354;398;1
355;243;1
355;45;1
355;427;1
356;244;1
356;44;1
356;428;1
357;294;1
357;53;1
358;295;1
358;52;1
359;337;1
359;3;1
360;338;1
360;2;1
361;347;1
361;7;1
362;348;1
362;6;1
363;357;1
363;11;1
364;358;1
364;10;1
365;367;1
365;15;1
366;368;1
366;14;1
367;377;1
367;19;1
368;378;1
368;18;1
369;407;1
369;41;1
370;408;1
370;40;1
371;417;1
371;49;1
372;418;1
372;48;1
373;437;1
373;35;1
374;438;1
374;34;1
375;63;1
376;64;1
377;65;1
378;66;1
379;114;1
380;115;1
381;116;1
382;117;1
383;165;1
384;166;1
385;167;1
386;168;1
387;216;1
388;217;1
389;218;1
390;219;1
391;267;1
392;268;1
393;269;1
394;270;1
395;329;1
396;330;1
397;331;1
398;332;1
399;339;1
400;340;1
401;341;1
402;342;1
403;349;1
404;350;1
405;351;1
406;352;1
407;359;1
408;360;1
409;361;1
410;362;1
411;369;1
412;370;1
413;371;1
414;372;1
415;379;1
416;380;1
417;381;1
418;382;1
419;389;1
420;390;1
421;391;1
422;392;1
423;399;1
424;400;1
425;401;1
426;402;1
427;409;1
428;410;1
429;411;1
430;412;1
431;419;1
432;420;1
433;421;1
434;422;1
435;429;1
436;430;1
437;431;1
438;432;1
