0
7
14
21
28
35
42
51
60
67
74
81
88
99
110
117
124
133
142
146
150
161
172
182
192
202
212
215
218
221
223
225
227
231
233
237
241
243
245
247
252
257
262
266
270
275
280
285
290
295
298
301
304
306
311
313
314
318
322
327
328
329
332
335
338
341
343
345
347
349
351
354
356
359
361
363
365
369
371
375
379
381
383
385
390
395
400
404
408
413
418
423
428
433
436
439
442
444
449
451
452
456
460
465
466
467
470
473
476
479
481
483
485
487
489
492
494
497
499
501
503
507
509
513
517
519
521
523
528
533
538
542
546
551
556
561
566
571
574
577
579
582
586
589
590
594
598
603
604
605
608
611
614
617
619
621
623
625
627
630
632
635
637
639
641
645
647
651
655
657
659
661
666
671
676
680
684
689
694
699
704
709
712
715
717
720
724
727
727
731
735
740
741
742
744
746
749
752
754
756
758
760
762
765
767
770
772
774
776
780
782
786
790
792
793
794
799
804
809
813
817
822
827
832
837
842
845
847
849
852
856
859
859
863
867
872
873
874
877
880
883
886
888
890
892
894
896
899
901
907
908
909
910
911
912
913
914
915
916
918
920
922
924
926
931
936
941
946
951
956
961
966
971
976
981
986
991
996
1001
1006
1011
1016
1021
1026
1031
1036
1041
1046
1051
1056
1061
1066
1071
1076
1081
1086
1091
1096
1101
1106
1111
1116
1121
1126
1131
1136
1141
1146
1148
1150
1152
1154
1156
1158
1160
1162
1164
1166
1168
1170
1172
1174
1176
1178
1180
1182
1184
1186
1188
1190
1192
1194
1196
1198
1200
1202
1204
1206
1208
1210
1212
1214
1216
1218
1220
1222
1224
1226
1228
1230
1232
1234
1237
1240
1243
1246
1249
1252
1254
1256
1258
1260
1262
1264
1266
1268
1270
1272
1274
1276
1278
1280
1282
1284
1286
1288
1289
1290
1291
1292
1293
1294
1295
1296
1297
1298
1299
1300
1301
1302
1303
1304
1305
1306
1307
1308
1309
1310
1311
1312
1313
1314
1315
1316
1317
1318
1319
1320
1321
1322
1323
1324
1325
1326
1327
1328
1329
1330
1331
1332
1333
1334
1335
1336
1337
1338
1339
1340
1341
1342
1343
1344
1345
1346
1347
1348
1349
1350
1351
1352
