-1
5.782928326882496
14.76832773562174
-1.880885526555696
-4.40294482216676
-3.902042800326801
-10.36538291345498
-1
-14.76832773562174
5.782928326882496
4.40294482216676
-1.880885526555696
10.36538291345498
-3.902042800326801
-1
-1.880885526555696
-4.40294482216676
3.835916032576169
8.497019513801902
-1.955030506020472
-4.094074691635142
-1
4.40294482216676
-1.880885526555696
-8.497019513801902
3.835916032576169
4.094074691635142
-1.955030506020472
-1
4.01499341343334
5.427935821450404
-2.489027393625206
-2.251974630183563
-1.525966019808134
-3.175961191266841
-1
-5.427935821450404
4.01499341343334
2.251974630183563
-2.489027393625206
3.175961191266841
-1.525966019808134
-1
-2.489027393625206
-2.251974630183563
6.724952418034346
10.66969834303092
-1.136994757465282
-2.314964344356267
-3.098930266943857
-6.102759368491092
-1
2.251974630183563
-2.489027393625206
-10.66969834303092
6.724952418034346
2.314964344356267
-1.136994757465282
6.102759368491092
-3.098930266943857
-1
-1.136994757465282
-2.314964344356267
2.560997692800895
5.344014856772329
-1.424002935335613
-3.029050512416062
-1
2.314964344356267
-1.136994757465282
-5.344014856772329
2.560997692800895
3.029050512416062
-1.424002935335613
-1
6.025048670255675
19.44709754488024
-4.999144334073775
-15.26310204450997
-1.0259043361819
-4.234995570420265
-1
-19.44709754488024
6.025048670255675
15.26310204450997
-4.999144334073775
4.234995570420265
-1.0259043361819
-1
-4.999144334073775
-15.26310204450997
9.521333711093533
30.27212737922066
-1.135017812334386
-4.781864811431261
-1.686032832400663
-5.115834923072414
-1.701138732284709
-5.193925593702013
-1
15.26310204450997
-4.999144334073775
-30.27212737922066
9.521333711093533
4.781864811431261
-1.135017812334386
5.115834923072414
-1.686032832400663
5.193925593702013
-1.701138732284709
-1
-1.135017812334386
-4.781864811431261
3.120994584936384
9.822379360301909
-1.985976772601999
-5.068814551800648
-1
4.781864811431261
-1.135017812334386
-9.822379360301909
3.120994584936384
5.068814551800648
-1.985976772601999
-1
5.326045735662413
24.09249889633189
-9.090084628859731
-3.902042800326801
-10.36538291345498
-1.424002935335613
-3.029050512416062
-1.855501391565861
-1
-24.09249889633189
5.326045735662413
9.090084628859731
10.36538291345498
-3.902042800326801
3.029050512416062
-1.424002935335613
1.855501391565861
19.54901016955455
-5.676980862099804
-9.090084628859731
-4.889513567751073
-19.54901016955455
5.676980862099804
9.090084628859731
4.889513567751073
-1
-1.686032832400663
-5.115834923072414
10.51296788459104
38.65414527271216
-1.985976772601999
-5.068814551800648
-6.840958279588381
-21.57853157038476
-1.855501391565861
-4.889513567751073
-1
5.115834923072414
-1.686032832400663
-38.65414527271216
10.51296788459104
5.068814551800648
-1.985976772601999
21.57853157038476
-6.840958279588381
1.855501391565861
4.889513567751073
-1
6.579926792772463
17.34072477976452
-1.955030506020472
-4.094074691635142
-1.525966019808134
-3.175961191266841
-3.098930266943857
-6.102759368491092
-4.257435221862767
-1
-17.34072477976452
6.579926792772463
4.094074691635142
-1.955030506020472
3.175961191266841
-1.525966019808134
6.102759368491092
-3.098930266943857
4.257435221862767
-1
-1.0259043361819
-4.234995570420265
9.56800134805499
35.53361630547623
-1.701138732284709
-5.193925593702013
-6.840958279588381
-21.57853157038476
-4.257435221862767
-1
4.234995570420265
-1.0259043361819
-35.53361630547623
9.56800134805499
5.193925593702013
-1.701138732284709
21.57853157038476
-6.840958279588381
4.257435221862767
-1
-5.676980862099804
5.676980862099804
-1
5.676980862099804
-5.676980862099804
-1
-1
1
-1
1
1
1
1
-5
-1
-1
-1
1
-1
1
1
-4.021504219980931e-05
-0.3046772744635325
-0.9524556464347688
1
-1.06001224045253
0.9524556464347688
-0.3046772744635325
-314.1592653589793
314.1592653589793
2.446264512578061
1
2.446264512578061
1
1
0.1763781998231054
-1.740937846382667
-1.529970139759788
-1.529970139759788
-0.6686562597112593
-1.529970139759788
-1.831970139759788
-1.529970139759788
1
1
-0.6686562597112593
-1.529970139759788
-1.529970139759788
-1.7300115340953
-0.3231196582505674
-0.002796
0.9999999406328669
1
-1.010095605094786
-0.002796
-0.9999999406328669
1
1
0.1763781998231054
-1.529970139759788
-1.617451055790322
-1.529970139759788
0.1763781998231054
-1.529970139759788
-1.529970139759788
-1.529970139759788
1
0.1763781998231054
-1.529970139759788
-1.529970139759788
-1.831970139759788
1
1
-0.6686562597112593
-1.624003473093121
-1.529970139759788
-1.529970139759788
-0.6686562597112593
-1.529970139759788
-1.529970139759788
-1.529970139759788
1
1
-1.827809294708994
1.767356897226682
-0.9669263102790296
0.255055896795549
1
0.4821396769095165
0.1229725676748729
1
1
-1
-1.529970139759788
-0.9349464895098183
1
-0.06505351049018172
-1.529970139759788
1
-1
-0.01055276531976633
-0.156996775065311
-3.689641793753379
-11.53423787832505
1
2.192342687236985
11.53423787832505
-3.689641793753379
1
1
0.3231196582505674
1.010095605094786
-0.1763784080020895
0.04280962260564961
-0.004513374408412682
-0.01098301736453322
-1
0.008257638315441783
1
-1
-0.008257638315441783
1
1
-0.01705909093283573
-0.9998544831206916
1
-1
1
-20
1
1
-1
-0.0004322504084085051
1
-0.0008722813241683634
1
1
-1
0.2133044832019312
-1.000000059367137
1
1
-0.9000825763831544
-1
-1
1
-1
1
1
1
1
-5
-1
-1
-1
1
-1
1
1
-0.09081105387340227
0.01417622745671969
-0.9998995122386526
1
-1.041102533282124
0.9998995122386526
0.01417622745671969
-314.1592653589793
314.1592653589793
1.141613003373912
1
1.141613003373912
1
1
0.03137066269921949
-2.37063169806587
-2.109532926799329
-2.109532926799329
-0.5001369335332885
-2.109532926799329
-2.428532926799329
-2.109532926799329
1
1
-0.5001369335332885
-2.109532926799329
-2.109532926799329
-2.313873194945423
-0.07618468522305721
-0.00357
0.9999999400006637
1
-1.042397329160249
-0.00357
-0.9999999400006637
1
1
0.03137066269921949
-2.109532926799329
-2.23548063921763
-2.109532926799329
0.03137066269921949
-2.109532926799329
-2.109532926799329
-2.109532926799329
1
0.03137066269921949
-2.109532926799329
-2.109532926799329
-2.428532926799329
1
1
-0.5001369335332885
-2.251850683808675
-2.109532926799329
-2.109532926799329
-0.5001369335332885
-2.109532926799329
-2.109532926799329
-2.109532926799329
1
1
-1.88820637549751
1.884502897133968
-0.9980386262796263
0.06260112182602212
1
0.1184361348676634
0.007414234907453787
1
1
-1
-2.109532926799329
-0.9960810995461237
1
-0.003918900453876465
-2.109532926799329
1
-1
-0.01914887087636149
0.4493549880583676
0.1587737475152605
-11.19887453707291
1
0.3450158606423078
11.19887453707291
0.1587737475152605
1
1
0.07618468522305721
1.042397329160249
-0.03137065618664013
0.0396802508986541
-0.008240404980997743
-0.01812817373071205
-1
0.00892857142857143
1
-1
-0.00892857142857143
1
1
0.08364927588375001
-0.9964952577128123
1
-1
1
-20
1
1
-1
-0.0003584874210827466
1
-0.0008428039269655374
1
1
-1
0.03969297075414871
-1.00000005999934
1
1
-0.9
-1
-1
1
-1
1
1
1
1
-5
-1
-1
-1
1
-1
1
1
-0.2224939965288443
0.2203329432309816
-0.9754247249927455
1
-0.9851957198619996
0.9754247249927455
0.2203329432309816
-314.1592653589793
314.1592653589793
1.202681120690642
1
1.113209933168629
1
1
9.768960453260771e-07
-2.628859310759157
-2.224906859050391
-2.224906859050391
-0.4204518191410252
-2.414906859050391
-2.770906859050391
-2.414906859050391
1
1
-0.4204518191410252
-2.414906859050391
-2.414906859050391
-2.695724764308975
-2.516229387695049e-06
-0.00316
0.9999999399787683
1
-1.010007084880895
-0.00316
-0.9999999399787683
1
1
9.768960453260771e-07
-2.224906859050391
-2.411268466193248
-2.224906859050391
9.768960453260771e-07
-2.224906859050391
-2.224906859050391
-2.224906859050391
1
9.768960453260771e-07
-2.224906859050391
-2.224906859050391
-2.580906859050391
1
1
-0.4204518191410252
-2.574868149372972
-2.414906859050391
-2.414906859050391
-0.4204518191410252
-2.414906859050391
-2.414906859050391
-2.414906859050391
1
1
-1.969760275802944
1.969760275798431
-0.9999999999977087
2.140639650557079e-06
1
4.216546948485691e-06
1
1
-1
-0.1900000000000004
-2.414906859050343
-0.999999999995418
1
-2.235254430225141
1
0.1900000000000004
-1
-0.01799336730766797
0.2416425121316886
3.635493563311197
-16.0945079623803
1
-0.05456691812307883
16.0945079623803
3.635493563311197
1
1
2.516229387695049e-06
1.010007084880895
-9.627153816553137e-07
0.01501375579489154
-0.007221857621848867
-0.02022302481859876
-1
0.006060606060606061
1
-1
-0.006060606060606061
1
1
0.2202895256317473
-0.9754345313228048
1
-1
1
-20
1
1
-1
-0.0003518661057302613
1
-0.0008986660340350876
1
1
-1
1.09469539306781e-06
-1.000000060021235
1
1
-0.9
-1
-1
1
-1
1
1
1
1
-5
-1
-1
-1
1
-1
1
1
-0.262949326889339
0.2462142756785245
-0.9692154200445325
1
-1.037427694778583
0.9692154200445325
0.2462142756785245
-314.1592653589793
314.1592653589793
0.5514511945435823
1
0.2961497155882202
1
1
7.936650299973961e-05
-0.3525674357286059
-0.2161514357286059
-0.2161514357286059
-2.103139949651169
-0.5161514357286058
-0.6181514357286058
-0.5161514357286058
1
1
-2.103139949651169
-0.5161514357286058
-0.5161514357286058
-0.6679685785857487
-2.52505759104985e-05
-0.004
0.999999940040308
1
-1.070233178658087
-0.004
-0.999999940040308
1
1
7.936650299973961e-05
-0.2161514357286059
-100000.2161514357
-0.2161514357286059
7.936650299973961e-05
-0.2161514357286059
-0.2161514357286059
-0.2161514357286059
1
7.93665029997396e-05
-0.2161514357286059
-0.2161514357286059
-0.3181514357286059
1
1
-2.103139949651169
-0.6062359427708595
-0.5161514357286058
-0.5161514357286058
-2.103139949651169
-0.5161514357286058
-0.5161514357286058
-0.5161514357286058
1
1
-1.842403215211392
1.842403214981324
-0.9999999998751267
1.580338268741028e-05
1
2.911620307813658e-05
1
1
-1
-0.3
-0.5161514357133611
-0.9999999997502529
1
-0.2771924376979161
1
0.3
-1
0.1163634894753955
0.1969714205428196
-0.7753723360356261
1
-0.029494845430807
0.7753723360356261
0.1969714205428196
1
1
2.52505759104985e-05
1.070233178658087
-7.936659155242102e-05
0.1500541754171739
-0.03854860045640179
-0.01695672629603723
-1
1
-1
1
1
0.2456935441288517
-0.9693475549942879
1
-1
1
-20
1
1
-1
-0.001309617817441882
1
-0.0008486323457023394
1
1
-1
9.537146580193015e-05
-1.000000059959696
1
1
-0.93
-1
-1
1
-1
1
1
1
1
-5
-1
-1
-1
1
-1
1
1
-0.2518514737793468
0.231306831766383
-0.9728808506585985
1
-1.060404437157989
0.9728808506585985
0.231306831766383
-314.1592653589793
314.1592653589793
1
1
1
2.491162408113504e-07
-1.888780487804878
-0.88
-0.88
-0.7770602161069113
-1.42
-1.63
-1.42
1
1
-0.7770602161069113
-1.42
-1.42
-1.652786885245902
-2.720277708561587e-07
-0.004
0.9999999400669544
1
-1.089902203666989
-0.004
-0.9999999400669544
1
1
2.491162408113504e-07
-0.88
-100000.88
-0.88
2.491162408113504e-07
-0.88
-0.88
-0.88
1
2.491162408113504e-07
-0.88
-0.88
-1.09
1
1
-0.7770602161069113
-2.362857142857143
-1.42
-1.42
-0.7770602161069113
-1.42
-1.42
-1.42
1
1
-1.812537400616989
1.812537400616954
-0.9999999999999802
1
3.601046021398883e-07
1
1
-1
-0.5399999999999999
-1.42
-0.9999999999999607
1
-0.88
1
0.5399999999999999
-1
0.1566258921415749
0.5782670794159575
-2.432202126646496
1
-0.03723786959386859
2.432202126646496
0.5782670794159575
1
1
2.720277708561587e-07
1.089902203666989
-2.514546616293828e-07
0.06439668192773788
-0.01073602682320242
-0.0378940340694989
-1
0.04000000000000001
1
-1
-0.04000000000000001
1
1
0.231078465042128
-0.9729351175663123
1
-1
1
-20
1
1
-1
-0.0004410617080220363
1
-0.0006263076253912915
1
1
-1
2.996652639695217e-07
-1.000000059933049
1
1
-0.912
-1
0.2809093017861285
0.259800510322431
0.3827418232428671
0.01855717930874507
0.05799118533982835
-1
-1
-1
-1
-1
-1
-1
-1
-1
1
-1
1
-1
1
-1
1
-1
1
-1
0.06830665459904119
0.07559474039737017
-1
-1.014814109660396
-0.2737641141443464
-0.07559474039737017
0.06830665459904119
-1
-0.2737641141443464
1.014814109660396
-1.000152044551823
-0.09001368400966403
0.03345760300920196
-0.1240237337726883
1
-1.000253420429235
-0.05801469838489563
0.03593958645687759
-0.1332241793114222
1
0.0276716868695477
0.02492550757956448
-1
-1.022045466242582
-0.2698714277760815
-0.02492550757956448
0.0276716868695477
-1
-0.2698714277760815
1.022045466242582
-1.000240126481321
-0.03500840442684625
0.01268261743693788
-0.04803106337832295
1
-1.000400242835085
-0.01800720437103153
0.01087255512333566
-0.04117607322068142
1
0.05188004527359067
0.02968476663035981
-1
-1.019081580178385
-0.2745316476427122
-0.02968476663035981
0.05188004527359067
-1
-0.2745316476427122
1.019081580178385
-1.00031813786982
-0.06101940641005899
0.02255835576270694
-0.08373826855402926
1
-1.00053028600977
-0.01600848457615632
0.009863667739405439
-0.03661465697138796
1
0.1096247663666732
0.08692341398111107
-1
-1.014051402207913
-0.2747005006355128
-0.08692341398111107
0.1096247663666732
-1
-0.2747005006355128
1.014051402207913
-1.00031891398814
-0.1350430533883989
0.05041364131546971
-0.1861009482985626
1
-1.000531579814971
-0.05803083162926834
0.03610633124758804
-0.1332857994269949
1
0.1247717239547519
0.08596612923624616
-1
-0.9954239528884222
-0.2860408528711155
-0.08596612923624616
0.1247717239547519
-1
-0.2860408528711155
0.9954239528884222
-0.9985945476007151
-0.1487905875925065
0.0595142921671403
-0.2071101081112513
1
-0.9976586768928897
-0.04988293384464448
0.03325420363187248
-0.1157248361453816
1
0.1962944402418272
0.1391030818055871
-1
-1.041102533282124
-0.09081105387340227
-0.1391030818055871
0.1962944402418272
-1
-0.09081105387340227
1.041102533282124
-0.9999757440588304
-0.2169947364607662
0.02706452506911851
-0.3102810110630111
1
-0.9999595737582464
-0.1269948658672973
0.02639891783378386
-0.3026501627321035
1
0.8683238266751464
0.3889583899901959
-1
-0.9851957198619996
-0.2224939965288443
-0.3889583899901959
0.8683238266751464
-1
-0.2224939965288443
0.9851957198619996
-1.000010429051901
-0.9420098241668904
0.3081883385881567
-1.364647302063588
1
-1.000017381813593
-0.1900033025445826
0.103602603418114
-0.4587487439952286
1
0.4689842768267641
0.04639743546103559
-1
-1.001279468020926
-0.1822281484900927
-0.04639743546103559
0.4689842768267641
-1
-0.1822281484900927
1.001279468020926
-1.00008210453982
-0.4780392459700339
0.1261560035938491
-0.6931827887883236
1
-1.000136844644752
0.03900533694114535
-0.01715604408637084
0.09426641733715949
1
0.07128040306682448
0.02688582627368331
-1
-1.007645776485419
-0.1555635707705141
-0.02688582627368331
0.07128040306682448
-1
-0.1555635707705141
1.007645776485419
-1.000103318877814
-0.07600785223471387
0.01706130416626133
-0.1105127055088458
1
-1.000172204060061
-0.01600275526496098
0.005986834847681773
-0.0387790587404394
1
0.08421876873051692
0.09363091105986102
-1
-1.037427694778583
-0.262949326889339
-0.09363091105986102
0.08421876873051692
-1
-0.262949326889339
1.037427694778583
-0.9999202512537212
-0.1119910681404168
0.03856471024063365
-0.1521513628425517
1
-0.9998670889561569
-0.07499003167171177
0.04303868291129392
-0.1698027605819298
1
0.2294132920763551
0.2239291123870568
-1
-1.02032511193571
-0.2722145475957773
-0.2239291123870568
0.2294132920763551
-1
-0.2722145475957773
1.02032511193571
-1.000111542167164
-0.2950329049393134
0.1080274856116299
-0.4049128061755702
1
-1.000185910523885
-0.166030861146965
0.1013214467683957
-0.3797769716149257
1
1
-1
1
-1
1
-1
1
-1
1
-1
1
-1
1
-1
1
-1
1
-1
1
-1
1
-1
1
-1
1
-1
1
-1
1
-1
1
-1
1
-1
1
-1
1
-1
1
-1
1
-1
1
-1
1
-1
1
-1
1
-1
1
-1
1
-1
1
-1
1
-1
1
-1
1
-1
1
-1
1
-1
1
-1
1
-1
1
-1
1
-1
1
-1
1
-1
1
-1
1
-1
1
-1
1
1
1
1
1
1
1
1
1
1
1
1
1
1
1
1
1
1
1
1
1
1
1
1
1
1
1
1
1
1
1
1
1
1
1
1
1
1
1
1
1
1
1
1
1
1
1
1
1
1
1
1
1
1
1
1
1
1
1
1
1
1
1
1
1
1
1
1
1
1
1
1
1
1
1
1
1
1
1
1
1
1
1
1
1
1
1
1
1
1
1
1
1
1
1
1
1
1
1
1
1
1
1
1
1
1
1
1
1
1
1
1
1
1
1
1
1
1
1
1
1
1
